9.270195624823779568e+00
9.264621300548450122e+00
9.258860809590716556e+00
9.252911483313043917e+00
9.246770610598915141e+00
9.240435437032846977e+00
9.233903164062541080e+00
9.227170948142559226e+00
9.220235899858767681e+00
9.213095083032797561e+00
9.205745513805679181e+00
9.198184159699874130e+00
9.190407938658681886e+00
9.182413718062182539e+00
9.174198313718674669e+00
9.165758488830487494e+00
9.157090952933144123e+00
9.148192360806605805e+00
9.139059311357428328e+00
9.129688346470427263e+00
9.120075949828519768e+00
9.110218545699263260e+00
9.100112497686518864e+00
9.089754107445601861e+00
9.079139613360208472e+00
9.068265189179273378e+00
9.057126942611809284e+00
9.045720913877742575e+00
9.034043074212499747e+00
9.022089324323152582e+00
9.009855492793645837e+00
8.997337334436585010e+00
8.984530528588900111e+00
8.971430677348477545e+00
8.958033303748839771e+00
8.944333849868543851e+00
8.930327674872058807e+00
8.916010052978434075e+00
8.901376171353996725e+00
8.886421127925107299e+00
8.871139929106611532e+00
8.855527487441557710e+00
8.839578619147362204e+00
8.823288041563316142e+00
8.806650370494031321e+00
8.789660117443128584e+00
8.772311686731070424e+00
8.754599372490583065e+00
8.736517355532917861e+00
8.718059700077496643e+00
8.699220350337226293e+00
8.679993126951130122e+00
8.660371723255481768e+00
8.640349701383982506e+00
8.619920488186901153e+00
8.599077370958505995e+00
8.577813492961229969e+00
8.556121848734369095e+00
8.533995279174199311e+00
8.511426466371462496e+00
8.488407928191241680e+00
8.464932012579110321e+00
8.440990891576342747e+00
8.416576555025653050e+00
8.391680803947602740e+00
8.366295243566336026e+00
8.340411275961699289e+00
8.314020092323005429e+00
8.287112664777870563e+00
8.259679737767388730e+00
8.231711818936750191e+00
8.203199169507811916e+00
8.174131794097553083e+00
8.144499429943243385e+00
8.114291535492061058e+00
8.083497278309192069e+00
8.052105522254624503e+00
8.020104813874539218e+00
7.987483367948378543e+00
7.954229052127576693e+00
7.920329370596054908e+00
7.885771446676274721e+00
7.850542004297511589e+00
7.814627348235298143e+00
7.778013343022125881e+00
7.740685390419950629e+00
7.702628405334233541e+00
7.663826790037209236e+00
7.624264406554613238e+00
7.583924547055183041e+00
7.542789902065208274e+00
7.500842526311563674e+00
7.458063801975317375e+00
7.414434399113920549e+00
7.369934232982782163e+00
7.324542417956320328e+00
7.278237217713536822e+00
7.230995991313540650e+00
7.182795134741028598e+00
7.133610017450113361e+00
7.083414913375452038e+00
7.032182925811699015e+00
6.979885905483795838e+00
6.926494361040241188e+00
6.871977361096529791e+00
6.816302426834488060e+00
6.759435414021282007e+00
6.701340383146388469e+00
6.641979456180541419e+00
6.581312658232119084e+00
6.519297742106693327e+00
6.455889993455389941e+00
6.391042013817104461e+00
6.324703478404479995e+00
6.256820864937222559e+00
6.187337149167635886e+00
6.116191461944700869e+00
6.043318701690577832e+00
5.968649094972378499e+00
5.892107696385130211e+00
5.813613817144148044e+00
5.733080369518436470e+00
5.650413111390866661e+00
5.565509771632182634e+00
5.478259032389887651e+00
5.388539338501092679e+00
5.296217496601561159e+00
5.201147016511420418e+00
5.103166134271979182e+00
5.002095438562403906e+00
4.897734998366673587e+00
4.789860857086791768e+00
4.678220712920042601e+00
4.562528541326706488e+00
4.442457823646028814e+00
4.317632911853134914e+00
4.187617859519291663e+00
4.051901743951666468e+00
3.909879026750003650e+00
3.760822729689377475e+00
3.603846918437697777e+00
3.437852760638070215e+00
3.261448388589865743e+00
3.072825074294679659e+00
2.869556459388750369e+00
2.648252710199340498e+00
2.403916030050389008e+00
2.128604185173953667e+00
1.808193224207445882e+00
1.412275042401608172e+00
