1.211965679950876051e+01
1.209162415944330782e+01
1.206338473228104213e+01
1.203493661988749253e+01
1.200627789064272477e+01
1.197740657872023817e+01
1.194832068334893727e+01
1.191901816805746428e+01
1.188949695990023869e+01
1.185975494866441338e+01
1.182978998605698173e+01
1.179959988487121691e+01
1.176918241813152655e+01
1.173853531821587382e+01
1.170765627595473113e+01
1.167654293970558044e+01
1.164519291440189086e+01
1.161360376057541366e+01
1.158177299335064525e+01
1.154969808141014020e+01
1.151737644592942544e+01
1.148480545948004128e+01
1.145198244489931128e+01
1.141890467412520849e+01
1.138556936699475663e+01
1.135197369000417744e+01
1.131811475502899533e+01
1.128398961800215616e+01
1.124959527754813315e+01
1.121492867357086354e+01
1.117998668579325816e+01
1.114476613224587709e+01
1.110926376770223989e+01
1.107347628205808654e+01
1.103740029865176453e+01
1.100103237252272059e+01
1.096436898860494225e+01
1.092740655985199183e+01
1.089014142529003060e+01
1.085256984799512026e+01
1.081468801299075544e+01
1.077649202506139403e+01
1.073797790647751427e+01
1.069914159462738112e+01
1.065997893955047715e+01
1.062048570136719405e+01
1.058065754759909538e+01
1.054049005037359521e+01
1.049997868350664731e+01
1.045911881945650812e+01
1.041790572614123356e+01
1.037633456361210804e+01
1.033440038057465138e+01
1.029209811074830228e+01
1.024942256905529092e+01
1.020636844762856654e+01
1.016293031162793170e+01
1.011910259485278907e+01
1.007487959513914433e+01
1.003025546952752656e+01
9.985224229187663170e+00
9.939779734084625673e+00
9.893915687370105516e+00
9.847625629481248311e+00
9.800902931928169082e+00
9.753740790749857226e+00
9.706132219616645074e+00
9.658070042555685575e+00
9.609546886274124233e+00
9.560555172052559669e+00
9.511087107179314160e+00
9.461134675893534407e+00
9.410689629802636347e+00
9.359743477736662598e+00
9.308287474999067612e+00
9.256312611969928383e+00
9.203809602013837576e+00
9.150768868640602349e+00
9.097180531862202102e+00
9.043034393684481032e+00
8.988319922666418549e+00
8.933026237473660203e+00
8.877142089346083509e+00
8.820655843391699946e+00
8.763555458610598592e+00
8.705828466543339417e+00
8.647461948427723755e+00
8.588442510736168600e+00
8.528756258952794767e+00
8.468388769434843866e+00
8.407325059186462113e+00
8.345549553354501882e+00
8.283046050235252977e+00
8.219797683557477086e+00
8.155786881780661801e+00
8.090995324117367105e+00
8.025403892954416918e+00
7.958992622308937115e+00
7.891740641910911513e+00
7.823626116453461954e+00
7.754626179493988580e+00
7.684716861422787204e+00
7.613873010839054878e+00
7.542068208585601674e+00
7.469274673590921232e+00
7.395463159548185672e+00
7.320602841321669274e+00
7.244661189808780044e+00
7.167603833795351598e+00
7.089394407117546315e+00
7.009994379178877466e+00
6.929362866556529887e+00
6.847456423057155739e+00
6.764228805134964162e+00
6.679630709047618353e+00
6.593609475477478554e+00
6.506108756559758177e+00
6.417068139301681740e+00
6.326422718203534856e+00
6.234102608446907112e+00
6.140032389223517129e+00
6.044130464542461389e+00
5.946308326045881998e+00
5.846469698810772719e+00
5.744509546586043847e+00
5.640312907093204764e+00
5.533753520471416998e+00
5.424692204068433554e+00
5.312974913716281833e+00
5.198430414169016522e+00
5.080867457760680495e+00
4.960071337981175610e+00
4.835799639706632291e+00
4.707776944391191876e+00
4.575688157525645394e+00
4.439169992668124287e+00
4.297799947926175257e+00
4.151081807851299210e+00
3.998426229162695744e+00
3.839124203215615427e+00
3.672309911235513979e+00
3.496907274427370371e+00
3.311550484937206384e+00
3.114461116450839562e+00
2.903248713190102581e+00
2.674567012859037085e+00
2.423472799451209081e+00
2.142095279155681986e+00
1.816410302817774047e+00
1.416165120436915670e+00
